0100110000011110101000100
1001101101111010100010010
1010100000111000001000110
0101100000011101001011110
0010000010000010010001011
1000001111100011001010110
1010100001110010110000110
0101110010011011010010001
1110010110011110100011011
1111100001000111111110101
0010000110101111000111111
0100011101111011101111101
1101000111101101110001000
1001111100000101011110010
0110000001110000000110100
1101111011010100001100110
0001100011011001100100101
0010011001001001110000010
0111101111001001010001110
1111010000100000010011000
0001101110110101000011000
1111100001101010110101000
0011001110100010100111110
1011010100010100111010010
0001111001101111100111010
1110101111011100100011111
1000010101111101011101100
1011111101100100000000000
1100001001101111101010111
0000110100010111011010110
0111001001100001001101100
0111111001111001000010111
1110101001110000111000110
1101101000011001000101011
0010010001100101001010000
1100101000110010101000101
0011100101010011001111101
0110110110110101111010110
0101011110110110110100100
1100100011011101100100101
1001110110110010000100111
0101111000111001010011011
1010010000100110011000100
0111100001011010111111101
0100010111111110001001100
1101000001010100011110010
0010110101011100110011011
0100111100010111011110001
0101011000111001101011101
0000011010111101100100100
1011101001110011001101001
0100101110011110111000101
1101100111010011000001110
1011101111111001101010101
0011011101000110001000101
1000011110001100101000101
0101000100100101110001110
1000001000011010000100100
0011000011101000001000001
0110000101001010011011000
1100001100011101011110010
0100001010001101000100101
0001011010010000001110111
1010100001101111110111000
